29.0947204969 57.9068322981 161.0 4.41107466961 1.9870455293 1.9870455293 1.50930225808
27.8602941176 59.8382352941 34.0 0.268217734855 0.103928884987 0.103928884987 0.205937225637
29.4765625 54.390625 32.0 1.56569602273 -0.401100852273 -0.401100852273 0.255800189394
35.1522257552 43.4089825119 629.0 11.9755406753 -5.46069660294 -5.46069660294 6.46469565168
32.3620689655 54.2155172414 58.0 15.2461808959 -4.81483843537 -4.81483843537 5.4023931001
34.2666666667 36.0666666667 15.0 17.9833333333 -3.69791666667 -3.69791666667 0.868489583333
39.8107734807 68.0044198895 905.0 7.17782867135 -1.42162791336 -1.42162791336 13.1151805642
34.6129032258 49.4435483871 31.0 5.67964759959 -2.42194682074 -2.42194682074 1.3491604954
34.8714285714 55.45 35.0 57.4335357625 -6.61310728745 -6.61310728745 0.941295546559
37.3066666667 58.3316666667 150.0 1.90872516556 0.353200883002 0.353200883002 1.00679359823
37.8484848485 52.6111111111 99.0 0.907834158416 -0.0990655940594 -0.0990655940594 0.649777227723
48.7453481393 79.1667166867 1666.0 24.9518692371 13.2701505003 13.2701505003 28.6982940462
40.8833333333 55.6 15.0 0.0739583333333 0.0479166666667 0.0479166666667 3.2625
43.2307692308 70.9230769231 13.0 6.96696121197 -1.40092595562 -1.40092595562 13.028205801
60.7268019884 88.0582021541 1207.0 39.0318801807 27.8324675168 27.8324675168 56.5161546399
47.4666666667 82.55 30.0 185.534314904 86.2091045673 86.2091045673 40.2759314904
49.1517857143 84.1339285714 28.0 25.5240147783 12.7909482759 12.7909482759 6.6111453202
51.8571428571 69.8392857143 14.0 13.8141983696 -30.0699728261 -30.0699728261 65.8636775362
72.45625 89.3776785714 280.0 222.123595978 247.103892232 247.103892232 282.909966729
76.3055555556 84.9305555556 18.0 137.904094828 163.241199713 163.241199713 194.452899352
81.51 83.2375 100.0 10.4103960396 12.8403836634 12.8403836634 20.0436138614
82.8222222222 89.6666666667 45.0 11.1957473742 16.7775013586 16.7775013586 56.1332683086
84.2432432432 60.6148648649 37.0 18.2544471154 52.7205929487 52.7205929487 153.515865385
